press.[bar]             temp.[K]          
10                      365.58            
8.95562                 354.238           
7.18269                 332.599           
5.76075                 312.283           
4.62031                 293.207           
3.70563                 275.296           
2.97203                 258.482           
2.38367                 246.33            
1.91178                 231.286           
1.53331                 217.157           
1.22976                 203.896           
0.986307                191.438           
0.791049                179.741           
0.634447                168.757           
0.508847                158.446           
0.408111                148.765           
0.327318                139.668           
0.26252                 131.132           
0.210549                123.086           
0.168867                115.558           
0.135437                108.542           
0.108625                101.915           
0.0871204               95.6879           
0.0698733               89.838            
0.0560406               84.3477           
0.0449464               79.1949           
0.0360484               74.3568           
0.028912                69.8146           
0.0231883               65.5507           
0.0185978               61.5473           
0.014916                57.7817           
0.0119631               54.2534           
0.0095948               50.9416           
0.00769534              47.8262           
0.0061719               44.9061           
0.00495006              42.1646           
0.00397011              39.5854           
0.00318415              37.1688           
0.00255379              34.8998           
0.00204822              32.7657           
0.00164274              30.7663           
0.00131753              28.8859           
0.0010567               27.1248           
0.000847508             25.7805           
0.000679728             24.5416           
0.000545164             23.3851           
0.000437239             22.3464           
0.000350679             21.3777           
0.000281256             20.4152           
0.000225576             20                
0.000180919             20                
0.000145103             20                
0.000116377             20                
9.33383e-05             20                
7.48603e-05             20                
6.00403e-05             20                
4.81543e-05             20                
3.86213e-05             20                
3.09755e-05             20                
2.48433e-05             20                
1.99251e-05             20                
1.59806e-05             20                
1.28169e-05             20                
1.02796e-05             20                
8.24456e-06             20                
6.6124e-06              20                
5.30336e-06             20                
4.25346e-06             20                
3.41141e-06             20                
2.73606e-06             20                
2.19441e-06             20                
1.75999e-06             20                
1.41156e-06             20                
1.13212e-06             20                
9.07996e-07             20                
7.28242e-07             20                
5.84073e-07             20                
4.68445e-07             20                
3.75708e-07             20                
3.0133e-07              20                
2.41676e-07             20                
1.93832e-07             20                
1.55459e-07             20                
1.24683e-07             20                
1e-07                   20                
